Name    msr k   nthreads    kmc medtime meancost    mincost
cao4m	2	5	16	0	19.587249994277954	26876049408.0	23655448576.0
cao4m	2	5	32	0	10.181920766830444	25814636544.0	24059230208.0
cao4m	2	5	32	0	11.001731872558594	24059230208.0	24059230208.0
cao4m	2	5	48	0	11.288660764694214	40620201984.0	23836712960.0
cao4m	2	5	48	0	13.81839108467102	72002691072.0	72002691072.0
cao4m	2	25	16	0	101.25347375869751	20041625600.0	18813546496.0
cao4m	2	25	32	0	61.37838125228882	21196935168.0	21196935168.0
cao4m	2	25	32	0	61.53875470161438	20200696490.666668	19652464640.0
cao4m	2	25	48	0	52.25619673728943	20048333482.666668	19784144896.0
cao4m	2	25	48	0	67.47674512863159	20385462272.0	20385462272.0
cao4m	2	100	16	0	404.9472916126251	16933907114.666666	16509177856.0
cao4m	2	100	32	0	257.0286159515381	16745945770.666666	16350648320.0
cao4m	2	100	32	0	258.26986718177795	16350648320.0	16350648320.0
cao4m	2	100	48	0	207.63383197784424	17121947648.0	17121947648.0
cao4m	2	100	48	0	214.86976742744446	16937733802.666666	16810667008.0
cao4m	4	5	32	0	45.93871212005615	2223825.5	2223825.5
cao4m	4	5	32	0	55.91647529602051	2223825.5	2223825.5
cao4m	4	5	48	0	53.791956663131714	2191503.25	2191503.25
cao4m	4	5	64	0	66.28067421913147	2216048.25	2216048.25
cao4m	4	25	32	0	239.35544872283936	2113884.0	2113884.0
cao4m	4	25	32	0	268.96323585510254	2113884.0	2113884.0
cao4m	4	25	48	0	165.92504572868347	2103245.25	2103245.25
cao4m	4	25	64	0	150.34013772010803	2112165.75	2112165.75
cao4m	4	100	32	0	856.4034640789032	2036796.375	2036796.375
cao4m	4	100	32	0	955.8662443161011	2036796.375	2036796.375
cao4m	4	100	48	0	664.0563817024231	2002616.875	2002616.875
cao4m	4	100	64	0	559.4296243190765	2045799.125	2045799.125
cao4mp1	5	5	32	0	13.398102045059204	37165.78515625	37165.78515625
cao4mp1	5	5	32	0	13.424189567565918	37165.78515625	37165.78515625
cao4mp1	5	5	48	0	17.846279859542847	40834.359375	40834.359375
cao4mp1	5	5	48	0	18.675499200820923	40834.359375	40834.359375
cao4mp1	5	25	32	0	79.887033700943	35119.6875	35119.6875
cao4mp1	5	25	32	0	79.9808418750763	35119.6875	35119.6875
cao4mp1	5	25	48	0	90.1058988571167	35040.5703125	35040.5703125
cao4mp1	5	25	48	0	90.4187183380127	35040.5703125	35040.5703125
cao4mp1	5	100	32	0	302.8918159008026	33080.04296875	33080.04296875
cao4mp1	5	100	32	0	303.29113507270813	33080.04296875	33080.04296875
cao4mp1	5	100	48	0	244.8020739555359	33364.3359375	33364.3359375
cao4mp1	5	100	48	0	245.79734659194946	33364.3359375	33364.3359375
cao4m	7	5	32	0	35.6363570690155	3570503.5	3570503.5
cao4m	7	5	32	0	39.56919455528259	3570503.5	3570503.5
cao4m	7	5	48	0	48.81563663482666	3541769.75	3541769.75
cao4m	7	5	64	0	53.14484357833862	3565315.5	3565315.5
cao4m	7	25	32	0	188.71936678886414	3471349.5	3471349.5
cao4m	7	25	32	0	210.137366771698	3471349.5	3471349.5
cao4m	7	25	48	0	130.10326504707336	3459460.5	3459460.5
cao4m	7	25	64	0	147.67275309562683	3478581.75	3478581.75
cao4m	7	100	32	0	663.7496564388275	3408952.0	3408952.0
cao4m	7	100	32	0	745.2034077644348	3408952.0	3408952.0
cao4m	7	100	48	0	516.7598445415497	3365500.0	3365500.0
cao4m	7	100	64	0	434.5259168148041	3412773.25	3412773.25
cao4m	9	5	32	0	19.969404697418213	3443843.0	3443843.0
cao4m	9	5	32	0	21.83789086341858	3443843.0	3443843.0
cao4m	9	5	48	0	26.984905242919922	3414163.75	3414163.75
cao4m	9	5	64	0	19.009915828704834	3430194.25	3430194.25
cao4m	9	25	32	0	106.73803305625916	3325363.0	3325363.0
cao4m	9	25	32	0	124.84866094589233	3325363.0	3325363.0
cao4m	9	25	48	0	95.46861219406128	3310804.75	3310804.75
cao4m	9	25	64	0	116.83052945137024	3305860.75	3305860.75
cao4m	9	100	32	0	375.5989923477173	3221572.5	3221572.5
cao4m	9	100	32	0	433.3603982925415	3221572.5	3221572.5
cao4m	9	100	48	0	302.330007314682	3200376.5	3200376.5
cao4m	9	100	64	0	325.05511355400085	3229167.5	3229167.5
cao4m	11	5	16	0	130.04758644104004	2538069162.6666665	2213594880.0
cao4m	11	5	32	0	65.43608450889587	2756827733.3333335	2213598976.0
cao4m	11	5	48	0	41.669583559036255	2626385749.3333335	2213599232.0
cao4mp1	11	5	32	0	15.817468881607056	1281750272.0	1281750272.0
cao4mp1	11	5	32	0	24.453272581100464	1281750272.0	1281750272.0
cao4mp1	11	5	48	0	25.121036529541016	1597080448.0	1597080448.0
cao4mp1	11	5	64	0	24.8028507232666	1622642304.0	1622642304.0
cao4m	11	25	32	0	310.6465861797333	2174538752.0	2120341632.0
cao4m	11	25	48	0	200.14971542358398	2150464512.0	2046720000.0
cao4mp1	11	25	32	0	139.28017735481262	1210411008.0	1210411008.0
cao4mp1	11	25	32	0	95.39319396018982	1210411008.0	1210411008.0
cao4mp1	11	25	48	0	94.50558567047119	1213407488.0	1213407488.0
cao4mp1	11	25	64	0	118.01901865005493	1222911488.0	1222911488.0
cao4m	11	100	32	0	1177.0427680015564	2035147221.3333333	1998580224.0
cao4m	11	100	48	0	862.3543622493744	2063964970.6666667	2030906112.0
cao4mp1	11	100	32	0	364.089962720871	1146686592.0	1146686592.0
cao4mp1	11	100	32	0	453.521525144577	1146686592.0	1146686592.0
cao4mp1	11	100	48	0	302.0014576911926	1153162496.0	1153162496.0
cao4mp1	11	100	64	0	344.85133242607117	1164083328.0	1164083328.0
cao4mp1	16	5	32	0	18.609736442565918	1205878912.0	1205878912.0
cao4mp1	16	5	64	0	22.613696575164795	1158222336.0	1158222336.0
cao4mp1	16	25	32	0	109.72344970703125	1143446656.0	1143446656.0
cao4mp1	16	25	64	0	129.01885390281677	1117462144.0	1117462144.0
cao4mp1	16	100	32	0	413.19568061828613	1071668672.0	1071668672.0
cao4mp1	16	100	64	0	314.87779903411865	1096469120.0	1096469120.0
cao4m	30	5	32	0	28.27999234199524	inf	inf
cao4m	30	5	48	0	33.11686849594116	inf	inf
cao4mp1	30	5	32	0	17.79365634918213	316224704.0	316224704.0
cao4mp1	30	5	64	0	40.424060106277466	315829312.0	315829312.0
cao4m	30	25	32	0	151.81706929206848	inf	inf
cao4m	30	25	48	0	117.89629602432251	inf	inf
cao4mp1	30	25	32	0	120.622878074646	302875840.0	302875840.0
cao4mp1	30	25	64	0	111.06523013114929	304081568.0	304081568.0
cao4m	30	100	32	0	528.0483493804932	inf	inf
cao4m	30	100	48	0	409.9005904197693	inf	inf
cao4mp1	30	100	32	0	410.72625970840454	290476256.0	290476256.0
cao4mp1	30	100	64	0	298.2472941875458	295304032.0	295304032.0
