#dataset	msr	k	nthreads	nkmc	msr	medtime	meancost	mincost
cao4m	4	5	64	0	35.66677737236023	2216821.5	2216821.5
cao4m	4	25	64	0	133.81571125984192	2112937.75	2112937.75
cao4m	4	100	64	0	536.5360391139984	2046569.625	2046569.625
cao4m	4	5	32	0	49.834619760513306	2224599.25	2224599.25
cao4m	4	25	32	0	259.3238830566406	2114654.5	2114654.5
cao4m	4	100	32	0	934.1849808692932	2037567.125	2037567.125
cao4m	4	5	16	0	100.60082364082336	2163220.75	2163220.75
cao4m	4	25	16	0	462.0213780403137	2097706.0	2097706.0
cao4m	4	100	16	0	1762.4587404727936	2028894.0	2028894.0
